Place Multiplier Place Multiplier Place Multiplier Place Multiplier
1 20.00 33 4.05 65 1.29 97 0.83
2 17.22 34 4.02 66 1.27 98 0.82
3 14.76 35 3.99 67 1.25 99 0.81
3 14.76 36 3.95 68 1.24 100 0.80
5 12.18 37 3.92 69 1.22 101 0.79
6 11.98 38 3.89 70 1.20 102 0.78
7 11.80 39 3.86 71 1.19 103 0.77
8 11.65 40 3.83 72 1.17 104 0.76
9 9.52 41 3.81 73 1.16 105 0.74
10 9.40 42 3.78 74 1.14 106 0.73
11 9.29 43 3.75 75 1.12 107 0.72
12 9.19 44 3.73 76 1.11 108 0.71
13 9.10 45 3.70 77 1.10 109 0.70
14 9.02 46 3.68 78 1.08 110 0.69
15 8.94 47 3.65 79 1.07 111 0.68
16 8.87 48 3.63 80 1.05 112 0.67
17 6.80 49 3.61 81 1.04 113 0.66
18 6.74 50 3.58 82 1.02 114 0.65
19 6.68 51 3.56 83 1.01 115 0.64
20 6.62 52 3.54 84 1.00 116 0.63
21 6.56 53 3.52 85 0.98 117 0.62
22 6.51 54 3.50 86 0.97 118 0.61
23 6.46 55 3.48 87 0.96 119 0.60
24 6.41 56 3.45 88 0.94 120 0.59
25 6.37 57 3.43 89 0.93 121 0.58
26 6.32 58 3.42 90 0.92 122 0.58
27 6.28 59 3.40 91 0.91 123 0.57
28 6.24 60 3.38 92 0.89 124 0.56
29 6.20 61 3.36 93 0.88 125 0.55
30 6.16 62 3.34 94 0.87 126 0.54
31 6.12 63 3.32 95 0.86 127 0.53
32 6.09 64 3.30 96 0.85 128 0.52

